square

lattice:
i j t s Q1 Q2
1 2 1 0 0 0
1 2 1 0 0 -1
1 4 1 0 0 0
1 4 1 0 -1 0
2 3 1 0 0 0
2 3 1 0 -1 0
3 4 1 0 0 0
3 4 1 0 0 1

t: 1.00

mu: 1.00
U: 4.00
Tep: 0.00

cluster:
i j t s
1 2 1 0
1 4 1 0
2 3 1 0
3 4 1 0

t: 1.00

mu: 1.00



------------------------------------------------
honey

lattice:
i j t s Q1 Q2
1 2 1 0 0 0
1 6 1 0 0 0
1 4 1 0 -1 0
2 3 1 0 0 0
2 5 1 0 0 -1
3 4 1 0 0 0
3 6 1 0 1 -1
4 5 1 0 0 0
5 6 1 0 0 0

t: 1.00

mu: 2.00
U: 4.00
Tep: 0.00

cluster:
i j t s
1 2 1 0
1 6 1 0
2 3 1 0
3 4 1 0
4 5 1 0
5 6 1 0

t: 1.00

mu: 2.00